#x1 y1 z1 m1 x2 y2 z2 m2 nx ny nz disp1 disp2 sigmah ecc
#         206
   0.978 127.576 103.320  3.6233e+11   0.813 127.781 103.666  1.9371e+12   0.092  -0.306   0.226   0.160   0.117   50.6  0.982
   4.268 236.911 146.681  5.5298e+11   4.570 236.876 146.712  1.3692e+12   0.042   0.217  -0.169   0.249   0.190    0.0  0.992
   5.245 146.939 163.709  2.6301e+11   4.921 147.212 163.636  1.2626e+12  -0.367  -0.478  -0.155   0.349   0.280   50.4  0.859
   7.581 204.851 207.703  1.1426e+12   7.340 204.562 207.961  5.8483e+11   0.139  -0.144  -0.031   0.092   0.129   62.4  0.939
   9.204 114.670 152.057  2.2207e+12   9.726 114.792 152.178  4.9675e+11  -0.079   0.355  -0.020   0.120   0.111   50.2  0.889
   9.791  51.139 147.355  3.8225e+11   9.980  51.474 147.097  2.9683e+12  -0.232  -0.117  -0.323   0.383   0.514   57.8  0.904
  11.541 104.632 248.151  1.3020e+12  11.160 104.664 248.224  5.0542e+11  -0.012  -0.196   0.025   0.127   0.173   43.1  0.948
  11.670 131.312 182.745  7.1410e+10  11.439 131.437 183.165  1.7999e+12   0.392  -0.043   0.229   0.054   0.045   53.4  0.841
  12.363  47.284  60.729  1.6328e+11  12.224  47.355  61.171  1.5412e+12   0.187   0.031   0.054   0.078   0.054   43.3  0.902
  13.668 183.669 231.548  9.9675e+11  13.971 183.896 231.568  1.0424e+12  -0.246   0.321   0.089   0.188   0.125   47.7  0.992
  22.174  12.306 125.859  9.0746e+11  21.855  12.613 126.096  1.4268e+11   0.099  -0.076   0.231   0.112   0.120   39.9  0.977
  22.536 200.382  30.655  1.5691e+12  22.553 200.004  30.569  4.5759e+11  -0.316   0.059  -0.324   0.184   0.113   40.4  0.879
  23.907 231.042   8.655  1.0370e+12  24.139 231.382   8.667  3.8564e+11   0.161  -0.109  -0.000   0.101   0.117    0.0  0.907
  27.410  83.099 184.243  6.5854e+11  26.995  83.047 184.071  6.5420e+11   0.149  -0.326  -0.260   0.586   0.520   49.0  0.874
  31.369  84.744 189.484  5.7412e+11  31.397  84.904 189.790  3.5610e+11  -0.320  -0.282   0.177   0.684   0.582   50.9  0.869
  31.820 145.134 156.249  2.1026e+12  31.582 144.964 156.564  1.2053e+12   0.129  -0.263  -0.045   0.178   0.127   69.4  0.936
  32.373 168.953 179.786  6.5515e+11  32.320 169.328 179.938  8.1233e+11  -0.509  -0.149   0.191   0.106   0.083    0.0  0.809
  32.515 221.598  94.116  1.6850e+12  32.124 221.728  94.225  3.6477e+11  -0.008  -0.060   0.045   0.084   0.117   46.2  0.903
  35.988 117.370  43.990  9.0786e+10  35.724 117.082  44.039  1.3756e+12  -0.009  -0.100  -0.628   0.138   0.184    0.0  0.843
  36.129  29.041 112.727  2.5068e+11  35.927  29.115 113.116  7.7195e+11   0.264  -0.023   0.142   0.152   0.177   56.9  1.012
  38.924  83.950  64.259  5.0651e+11  38.936  84.168  64.517  1.1958e+12  -0.134   0.077  -0.059   0.137   0.212   59.8  0.982
  40.454  82.608  54.086  7.7412e+11  40.540  82.865  54.307  6.8632e+11   0.018   0.168  -0.203   0.280   0.367   68.4  0.941
  40.672  14.927  81.017  1.7859e+11  40.808  15.023  81.297  1.0394e+12   0.093   0.007  -0.048   0.290   0.191    0.0  0.968
  45.984 234.995  68.206  2.0407e+11  46.304 235.085  68.488  7.2317e+11   0.080   0.236  -0.166   0.037   0.077   64.0  0.974
  47.681 194.418  12.593  1.0600e+12  47.625 194.425  12.631  4.6680e+11  -0.148  -0.480  -0.130   0.232   0.631    0.0  0.977
  48.265 162.308  44.700  6.7344e+10  48.167 162.676  44.537  1.0416e+12  -0.165  -0.006   0.087   0.318   0.363   54.8  0.966
  48.429 248.083 236.771  7.4025e+11  48.918 248.019 236.963  1.7358e+11  -0.102   0.322   0.365   0.049   0.057   60.4  0.965
  50.009  19.661 180.743  9.8103e+11  50.391  20.030 180.851  1.3542e+12   0.023   0.002  -0.088   0.086   0.117   58.7  0.892
  50.649 245.486 232.659  9.4431e+11  50.346 245.562 232.769  1.6304e+12  -0.004  -0.271   0.177   0.540   0.417   46.9  0.928
  51.597 175.606 228.246  1.1165e+11  51.357 175.531 228.450  7.7331e+11   0.300  -0.373   0.217   0.469   0.456    0.0  0.834
  51.715  78.507 154.701  1.4501e+12  51.911  78.700 155.166  1.0258e+11   0.047   0.191  -0.099   0.000   0.000   52.7  0.955
  52.518  58.414 199.918  2.2476e+12  52.389  58.055 200.044  5.4878e+11   0.181  -0.191  -0.361   0.455   0.507   56.4  0.865
  55.317  66.671 180.575  1.2974e+12  54.974  66.301 180.918  2.2710e+11   0.111   0.118   0.238   0.046   0.032    0.0  0.984
  55.991  99.100 143.826  2.0663e+12  55.705  98.647 143.994  4.9716e+11  -0.197   0.091  -0.089   0.029   0.023   45.5  0.914
  58.381  29.873 152.012  7.5610e+10  58.129  29.947 152.485  2.7422e+12   0.003  -0.056   0.010   0.035   0.038   51.9  0.981
  62.705 215.455  47.149  3.5714e+12  62.432 215.048  47.308  2.1710e+12  -0.109   0.029  -0.113   0.131   0.044    0.0  0.916
  62.835 103.471 191.824  2.0472e+12  62.817 103.215 191.486  2.8984e+11  -0.615  -0.158   0.155   0.038   0.057    0.0  0.905
  64.098 183.156 233.173  1.4393e+12  63.929 183.421 233.642  5.0583e+11  -0.105  -0.210   0.081   0.079   0.094   69.7  0.879
  66.795 173.653  75.040  7.2223e+10  66.506 173.911  75.362  5.8849e+11  -0.060  -0.482   0.333   0.064   0.059   33.1  1.114
  67.165  76.670 101.550  1.2572e+12  67.339  76.537 101.892  2.3613e+12   0.005   0.064   0.022   0.364   0.465   59.4  0.943
  68.392 200.931 221.043  2.7466e+11  68.131 201.097 221.288  1.1306e+12   0.163   0.334  -0.052   0.262   0.229    0.0  0.939
  68.449  81.056  50.613  6.3849e+11  68.340  81.064  51.040  1.3144e+12  -0.649   0.131  -0.169   0.220   0.211   64.8  0.827
  69.567  89.325 193.887  3.5610e+11  69.832  89.599 194.021  1.0444e+12  -0.031   0.189  -0.328   0.201   0.195   57.8  1.000
  69.660 188.848 109.255  8.2846e+11  70.183 188.895 109.241  7.0475e+11   0.024  -0.223   0.159   0.166   0.184   57.3  0.876
  69.832  89.599 194.021  1.0444e+12  69.567  89.325 193.887  3.5610e+11  -0.031   0.189  -0.328   0.165   0.171   50.1  0.910
  70.184  28.922  73.237  1.1865e+12  70.226  29.058  73.692  2.4214e+11  -0.199   0.194  -0.040   0.043   0.027   62.5  0.958
  71.386  81.811  93.030  1.4409e+12  71.566  81.941  93.367  5.8740e+11  -0.001  -0.321   0.124   0.390   0.482   52.3  0.806
  71.932 249.430  33.748  1.4370e+12  72.218 249.479  34.167  2.3604e+11   0.159   0.173  -0.128   0.085   0.115   57.4  0.827
  72.018 161.182 154.407  4.7290e+11  72.374 161.109 154.352  2.5539e+12  -0.045   0.027  -0.330   0.199   0.094   43.6  0.953
  72.374 161.109 154.352  2.5539e+12  72.018 161.182 154.407  4.7290e+11  -0.045   0.027  -0.330   0.130   0.253   56.1  0.931
  72.897 185.675 124.848  2.5054e+11  72.978 185.772 125.154  8.7534e+11  -0.185   0.151   0.001   0.142   0.222   43.7  0.993
  73.491 242.517 214.160  1.1675e+12  73.316 242.461 213.735  4.3781e+11   0.220  -0.485  -0.026   0.093   0.069   56.5  0.986
  73.565  10.843  66.473  2.3726e+11  73.351  10.787  66.591  1.6088e+12  -0.074   0.012  -0.128   0.239   0.160    0.0  0.973
  75.540  92.663 191.797  8.8036e+11  75.252  92.935 192.053  2.0909e+12  -0.030  -0.120   0.093   0.238   0.193   67.4  0.974
  78.937 152.907 232.319  1.2417e+12  78.601 152.712 232.378  3.0320e+12   0.170  -0.274   0.065   0.531   0.374   51.3  0.968
  81.926  98.335  55.487  1.3088e+12  82.173  98.543  55.717  1.8220e+12   0.136  -0.102  -0.054   0.278   0.400   52.7  0.899
  84.455  88.991 138.102  2.1512e+12  84.044  89.042 138.355  1.1206e+11   0.023  -0.275   0.092   0.000   0.000   58.6  0.922
  85.296 179.729 192.065  1.1823e+12  85.497 179.337 192.413  5.4458e+11   0.243   0.163   0.044   0.153   0.182   65.9  0.935
  85.387 207.325  34.851  3.1477e+11  85.375 207.706  35.202  8.0840e+11  -0.275   0.219  -0.247   0.316   0.285   37.0  0.983
  86.438  38.382  28.322  7.7182e+11  86.836  38.570  28.771  1.6210e+12   0.006   0.151  -0.068   0.000   0.000    0.0  0.969
  86.674 192.470 244.037  8.1166e+10  86.671 192.630 243.730  1.9546e+12  -0.068   0.057   0.030   0.276   0.225   56.8  0.976
  87.120  79.688 127.666  1.2669e+11  87.381  79.838 127.768  1.2033e+12  -0.136   0.136   0.149   0.205   0.139    0.0  0.916
  87.423 111.674 150.022  1.1842e+12  87.246 111.312 150.169  2.1802e+11   0.405   0.040   0.585   0.064   0.099   49.3  0.755
  88.828 232.733 236.987  4.0325e+11  88.507 233.113 236.970  1.3408e+12  -0.339  -0.297  -0.234   0.022   0.012   50.3  0.837
  90.763  75.943 130.244  1.9973e+11  90.404  76.060 130.663  1.6741e+12   0.097   0.012   0.080   0.000   0.000   49.3  0.983
  91.045  54.914 197.100  8.6139e+11  91.280  54.747 197.287  1.8117e+12   0.201  -0.060  -0.305   0.161   0.094   50.9  0.933
  91.280  54.747 197.287  1.8117e+12  91.045  54.914 197.100  8.6139e+11   0.201  -0.060  -0.305   0.140   0.223   46.7  0.973
  91.919  16.028 121.398  1.3862e+11  91.727  16.321 121.627  1.8985e+12   0.208  -0.002   0.177   0.196   0.135   34.4  0.757
  92.381 159.782  23.944  2.4404e+11  92.687 159.522  24.165  1.3431e+12   0.038  -0.070  -0.136   0.158   0.144   37.8  0.948
  92.767 198.191  16.981  3.0474e+11  92.797 197.674  17.094  1.4091e+12   0.299   0.032   0.065   0.000   0.000   47.3  0.909
  93.211 126.908   9.132  2.5946e+12  93.260 126.967   9.500  9.5244e+11   0.097  -0.174   0.015   0.123   0.186    0.0  0.884
  94.440  27.581 172.011  1.1518e+11  94.614  27.868 172.169  1.1278e+12  -0.157   0.141  -0.082   0.167   0.140   31.5  0.945
  95.825  98.837  44.411  1.9687e+12  95.974  98.653  44.827  6.2751e+11  -0.252   0.101   0.135   0.078   0.086   59.9  0.999
  95.826 224.672 161.475  1.3356e+12  95.561 225.020 161.567  3.8347e+11   0.182   0.007   0.494   0.041   0.045   59.1  0.877
  96.825  77.675  98.908  1.3266e+11  97.081  77.441  99.028  2.2859e+12   0.010   0.062   0.101   0.176   0.157   60.6  0.968
 102.230  29.471 112.239  5.1735e+11 102.457  29.773 112.182  1.9056e+12  -0.019  -0.041  -0.291   0.292   0.254   41.9  0.963
 102.258 180.787  61.286  2.1640e+11 102.622 180.440  61.547  2.2190e+12  -0.143  -0.119   0.042   0.068   0.076   43.5  0.875
 102.600 165.245  36.983  1.3523e+11 103.051 165.256  36.939  6.6789e+11   0.024   0.106   0.268   0.465   0.546   65.9  0.974
 103.965  45.127 178.223  1.6098e+11 103.978  45.369 178.346  2.5424e+12  -0.073  -0.144   0.292   0.334   0.156   60.7  0.895
 105.462  95.443 168.095  9.9323e+10 105.844  95.496 167.716  2.1699e+12   0.222   0.247   0.259   0.076   0.049   40.1  0.819
 105.844  95.496 167.716  2.1699e+12 105.462  95.443 168.095  9.9323e+10   0.222   0.247   0.259   0.026   0.039   42.6  0.867
 106.452 105.751 150.135  7.9851e+11 106.199 105.809 149.920  2.3591e+11   0.280  -0.110  -0.359   0.363   0.381   47.5  0.883
 106.741  86.584 220.292  1.1703e+12 106.697  86.527 219.884  1.7571e+12   0.125   0.081  -0.025   0.109   0.153   68.0  0.971
 109.521  93.619  89.258  1.6453e+12 109.942  93.497  89.283  8.8889e+11   0.079   0.211  -0.294   0.084   0.076   58.6  0.823
 109.942  93.497  89.283  8.8889e+11 109.521  93.619  89.258  1.6453e+12   0.079   0.211  -0.294   0.091   0.095   55.5  0.870
 110.476 153.789 157.948  1.3629e+12 110.446 153.937 158.391  2.3252e+11   0.159  -0.016   0.016   0.099   0.169   48.3  0.950
 111.120  74.548 239.174  3.5867e+11 111.281  74.961 239.099  1.4408e+12  -0.149   0.117   0.324   0.060   0.048   56.1  0.865
 111.469 209.406 233.486  6.9092e+11 111.673 209.693 233.724  5.5027e+11   0.017   0.003  -0.018   0.228   0.222   59.3  0.903
 111.713 222.653  68.158  8.1166e+11 112.103 222.579  68.372  2.9810e+11   0.185   0.109  -0.298   0.000   0.000    0.0  0.922
 113.965  69.757   5.409  5.7155e+11 114.162  69.997   5.104  1.2855e+12  -0.017   0.318   0.239   0.094   0.081   59.5  0.880
 114.131  23.409 109.501  1.9127e+12 113.800  23.397 109.883  1.3951e+12   0.153   0.092   0.135   0.055   0.035   57.0  0.973
 114.891 140.681 186.524  2.0122e+11 114.928 140.785 186.990  8.0339e+11   0.456   0.441  -0.135   0.013   0.017   36.0  0.858
 115.732 104.626 191.428  3.1653e+11 116.199 104.715 191.575  1.2921e+12  -0.077   0.628  -0.139   0.182   0.148   48.5  0.892
 116.888 181.174  30.878  2.1382e+11 117.058 181.521  30.972  5.4960e+11   0.355  -0.129  -0.163   0.231   0.301   59.7  0.988
 117.058 181.521  30.972  5.4960e+11 116.888 181.174  30.878  2.1382e+11   0.355  -0.129  -0.163   0.279   0.213   61.9  1.126
 118.306  17.111 128.430  1.1667e+11 118.194  17.253 128.739  1.1155e+12   0.295   0.291  -0.026   0.102   0.044   36.4  0.966
 118.906  23.312 157.596  1.5972e+12 118.970  23.193 158.114  2.3459e+12   0.334   0.261   0.018   0.334   0.309   53.7  0.828
 119.901  22.731 161.691  1.4688e+12 120.053  22.843 162.146  7.9635e+11   0.323   0.109  -0.135   0.000   0.000   53.0  0.878
 121.482 226.990 146.280  1.0976e+11 121.391 227.219 146.749  4.1287e+11  -0.376   0.012  -0.079   0.223   0.178   60.5  1.955
 122.229 237.536 139.989  7.1735e+11 122.307 237.205 140.254  5.3090e+11  -0.253   0.079   0.173   0.042   0.038    0.0  0.993
 122.654 152.048  59.477  1.0976e+12 122.588 151.732  59.790  1.6814e+12   0.037  -0.227  -0.221   0.480   0.409   48.7  0.860
 130.523 233.309 126.403  4.1979e+11 130.726 233.566 126.542  2.3447e+12  -0.290   0.097   0.242   0.319   0.146   63.5  0.875
 134.670  76.835 103.812  2.9493e+12 134.464  76.610 104.166  4.2804e+12  -0.192  -0.033  -0.132   0.400   0.302    0.0  0.976
 135.635  54.809   5.257  2.9417e+11 135.528  55.047   5.652  2.3046e+12   0.266  -0.215   0.202   0.000   0.000   45.9  0.863
 136.320  72.423 146.985  2.2900e+11 135.935  72.376 147.159  2.2560e+12   0.227  -0.031   0.495   0.058   0.039   63.0  0.920
 136.396 205.509   3.042  2.6118e+12 136.406 205.137   2.648  2.8903e+11  -0.286   0.025  -0.030   0.045   0.065   50.9  0.953
 139.104 235.197 176.437  9.2724e+11 139.189 235.419 176.708  2.7561e+11  -0.042   0.125  -0.088   0.124   0.080    0.0  0.964
 139.872 164.083 192.490  2.3760e+12 140.195 163.969 192.851  2.2466e+11   0.398   0.005  -0.356   0.135   0.117   48.3  0.910
 140.362 183.305 131.718  1.3008e+11 140.598 183.031 131.884  7.9201e+11   0.066   0.238   0.298   0.069   0.102    0.0  0.993
 141.402 197.741 163.334  6.1409e+11 141.548 197.411 163.150  2.0870e+12   0.380  -0.153   0.574   0.292   0.377   56.2  0.868
 141.548 197.411 163.150  2.0870e+12 141.402 197.741 163.334  6.1409e+11   0.380  -0.153   0.574   0.433   0.331   55.9  0.795
 142.330 180.315 224.313  1.8886e+12 142.606 180.430 224.735  1.6504e+11  -0.349   0.208   0.171   0.134   0.157   57.5  0.932
 142.762 191.262  10.283  5.5149e+11 142.600 191.251  10.563  1.0596e+12  -0.092  -0.182  -0.061   0.317   0.324    0.0  0.757
 145.495 151.329   3.273  7.1044e+11 145.762 151.222   3.542  3.0407e+11  -0.100   0.129   0.150   0.272   0.227   42.9  0.936
 145.609 125.873  66.792  1.3217e+12 146.024 126.158  66.958  9.8185e+11   0.277  -0.326  -0.131   0.006   0.025   44.9  0.961
 146.024 126.158  66.958  9.8185e+11 145.609 125.873  66.792  1.3217e+12   0.277  -0.326  -0.131   0.110   0.045   44.2  0.909
 146.275  36.679  19.441  1.3732e+12 146.536  36.392  19.171  1.0691e+11   0.034   0.004   0.029   0.020   0.035   39.4  0.995
 146.536  36.392  19.171  1.0691e+11 146.275  36.679  19.441  1.3732e+12   0.034   0.004   0.029   0.165   0.116   33.8  0.871
 147.534  95.467 224.682  3.1985e+12 148.030  95.541 224.603  1.1285e+12   0.039  -0.173   0.084   0.276   0.261    0.0  0.937
 148.108 154.563  31.311  2.4543e+12 148.412 154.779  31.646  3.8943e+11  -0.336   0.018   0.294   0.043   0.051   67.6  0.853
 150.081  35.232  88.837  8.6721e+10 150.095  35.172  88.473  2.6618e+12  -0.349   0.046  -0.021   0.186   0.112   55.0  0.888
 151.156  53.603  79.920  7.3930e+11 151.381  53.562  80.403  1.9556e+12  -0.178   0.347   0.112   0.087   0.079   68.2  0.810
 152.079 181.296  35.468  7.6626e+11 152.279 181.159  35.754  5.3252e+10   0.018  -0.365  -0.187   0.154   0.106   41.7  0.958
 152.647  78.792  42.651  2.4756e+11 152.866  78.723  43.021  2.2426e+11  -0.311   0.106   0.204   0.046   0.052    0.0  1.366
 153.556 135.435  70.176  5.7372e+11 153.919 135.707  70.078  8.2778e+11  -0.060   0.093   0.036   0.000   0.000   48.1  0.987
 155.753 122.394 170.997  1.2283e+12 155.564 122.832 171.080  5.0840e+11   0.023   0.041  -0.163   0.049   0.055   63.8  0.981
 157.985   2.196  26.535  2.4866e+12 157.723   2.087  26.864  1.1125e+11   0.290  -0.373   0.107   0.169   0.219   66.0  0.811
 158.068 226.852 226.980  8.5719e+11 158.323 226.643 227.305  2.2927e+11   0.484  -0.179  -0.495   0.157   0.169   34.5  0.860
 158.575 219.982 165.732  1.3262e+12 158.700 219.770 166.092  2.9808e+12  -0.148   0.057   0.085   0.050   0.033    0.0  0.935
 159.525  38.644  22.410  4.5745e+11 159.712  39.002  22.497  2.1856e+11  -0.406   0.129   0.339   0.054   0.060   48.8  0.974
 164.517 243.471  31.626  1.9817e+12 164.797 243.381  31.921  1.3801e+12   0.181  -0.168  -0.223   0.107   0.114    0.0  0.937
 165.157  69.421 158.595  5.1843e+11 165.462  69.492 158.301  1.4348e+12  -0.041   0.086  -0.021   0.187   0.133   45.1  0.914
 165.462  69.492 158.301  1.4348e+12 165.157  69.421 158.595  5.1843e+11  -0.041   0.086  -0.021   0.187   0.266   44.6  0.938
 165.931 187.440 122.212  1.7886e+11 165.453 187.449 122.359  3.6220e+11  -0.066   0.161  -0.224   0.295   0.306   31.7  1.061
 166.645 211.140  40.822  1.1300e+12 166.982 210.795  41.075  6.6559e+11  -0.267  -0.390  -0.175   0.073   0.078   40.4  0.976
 169.111 219.746   0.534  1.5636e+12 169.505 219.498   0.320  2.3469e+12   0.230   0.218   0.170   0.147   0.185   53.6  0.941
 169.499 167.903  50.039  4.0176e+11 169.602 168.243  50.421  1.2426e+12  -0.314  -0.091   0.165   0.184   0.114   61.8  0.879
 169.505 227.840  29.946  4.5384e+12 169.604 227.447  30.174  1.7642e+11   0.229   0.109   0.089   0.132   0.187   67.4  0.996
 171.384  90.421  63.921  1.7493e+11 171.244  90.792  64.110  9.6911e+11  -0.330  -0.086  -0.076   0.117   0.143   37.1  0.969
 171.534  20.813   6.080  1.1556e+12 171.933  20.577   5.907  1.0524e+12   0.351  -0.057   0.884   0.248   0.226   64.0  0.757
 171.933  20.577   5.907  1.0524e+12 171.534  20.813   6.080  1.1556e+12   0.351  -0.057   0.884   0.101   0.122   67.4  0.860
 172.619 148.301  79.211  2.9539e+11 173.073 148.046  79.377  8.8943e+11   0.022   0.017  -0.035   0.244   0.201   43.5  0.947
 173.073 148.046  79.377  8.8943e+11 172.619 148.301  79.211  2.9539e+11   0.022   0.017  -0.035   0.232   0.291   39.5  0.928
 173.544 111.959 157.400  9.4106e+11 173.820 111.835 157.673  4.6667e+11  -0.122   0.144   0.189   0.308   0.254   67.0  0.957
 175.402 143.254  48.218  4.2073e+11 175.211 143.658  48.463  8.1437e+10   0.202   0.206  -0.183   0.180   0.176   61.4  1.880
 175.742 171.117 143.771  4.7100e+11 176.026 171.181 143.780  2.3542e+12  -0.051   0.285  -0.381   0.443   0.286    0.0  0.832
 177.404 173.171 173.654  1.2359e+12 177.584 172.764 173.709  4.3239e+11   0.244   0.128   0.151   0.000   0.000    0.0  0.913
 177.654  81.454  12.753  2.0894e+11 177.324  81.251  12.809  1.1267e+12   0.027  -0.014   0.108   0.025   0.083    0.0  0.968
 178.488 210.499 247.334  3.0190e+11 178.654 210.258 247.640  1.4716e+11   0.300   0.291   0.067   0.144   0.153   31.3  2.049
 178.831  34.661  23.548  1.6206e+11 179.119  34.790  23.826  1.6180e+12  -0.208   0.227   0.110   0.151   0.127   38.6  0.875
 179.942 230.878  28.949  3.5637e+11 179.915 230.540  29.099  1.8203e+12   0.167   0.059   0.163   0.329   0.394   52.2  0.995
 182.077  38.938 109.191  8.9065e+11 182.302  38.700 109.494  2.9146e+11   0.167   0.194   0.028   0.023   0.037   54.7  0.937
 184.671 245.656 122.137  6.5949e+11 184.793 245.765 122.473  1.6890e+12  -0.172   0.142   0.017   0.122   0.199    0.0  0.984
 185.322  65.823 218.735  1.7331e+11 185.133  66.279 218.837  4.2539e+12  -0.388  -0.248   0.388   0.317   0.224   55.1  0.849
 185.755  69.390 240.909  1.2930e+12 185.381  69.152 241.208  1.5627e+12   0.322  -0.262   0.192   0.020   0.033   59.0  0.923
 186.632 205.816  24.240  1.5068e+12 186.734 205.907  24.704  5.8388e+11   0.090  -0.180   0.015   0.088   0.074   42.0  0.962
 189.161  83.552 245.071  7.7805e+11 189.080  83.083 245.402  9.7738e+11  -0.137   0.106   0.117   0.021   0.031   51.8  0.909
 191.033  26.237 195.717  3.5989e+11 190.970  25.957 195.965  1.2164e+12  -0.273   0.143   0.092   0.148   0.168    0.0  0.955
 191.333 204.846 114.256  7.8347e+11 191.228 204.413 114.158  1.7304e+11   0.140  -0.030  -0.016   0.014   0.016   49.4  0.975
 191.437 209.408 162.152  9.5028e+11 191.638 209.546 162.632  9.3930e+11   0.352   0.153  -0.192   0.049   0.069   60.6  0.918
 192.453  45.374 140.872  9.5204e+11 192.042  45.323 141.143  5.0962e+11   0.074   0.049   0.120   0.162   0.175   37.3  0.966
 193.343  93.448 199.352  1.2795e+12 192.881  93.635 199.100  2.4350e+12  -0.080  -0.334  -0.101   0.037   0.046   69.0  0.856
 194.148   9.148  14.986  9.6396e+11 193.958   9.323  15.229  9.0109e+10  -0.026  -0.277   0.180   0.132   0.134    0.0  0.838
 194.943 175.837 234.546  2.0501e+11 195.256 175.664 234.299  1.3175e+12  -0.229   0.143  -0.391   0.232   0.166   55.7  0.980
 195.307 172.833 207.302  4.8428e+11 195.373 172.492 207.526  9.4336e+11   0.347   0.185   0.179   0.587   0.587   65.8  0.855
 195.542  74.500 137.740  3.5054e+11 195.926  74.255 137.870  1.4856e+12  -0.077   0.139   0.491   0.095   0.062   64.5  0.849
 197.241 239.568 214.413  2.0743e+12 197.440 239.940 214.664  3.9526e+11   0.024   0.282  -0.437   0.281   0.334    0.0  0.882
 197.543  98.936  64.272  1.4278e+12 197.480  98.593  64.049  1.3054e+12   0.057  -0.274   0.405   0.406   0.412   67.9  0.857
 198.051  51.672  16.177  1.3674e+12 198.230  51.324  16.297  3.5068e+11  -0.390  -0.017   0.529   0.172   0.194   49.5  0.799
 198.316 217.200  26.113  1.9549e+12 198.442 217.592  26.270  9.0515e+10  -0.036  -0.069   0.201   0.096   0.070   57.6  0.856
 199.774 160.731 147.862  1.1470e+12 199.666 160.808 148.260  9.3632e+10  -0.016  -0.258   0.046   0.637   0.526   43.7  0.887
 200.165   4.777 220.625  1.3000e+12 200.615   4.848 220.644  6.3049e+11  -0.031   0.263  -0.243   0.033   0.027   67.2  0.907
 201.547 154.768  49.350  2.8957e+12 201.933 154.327  49.439  2.9445e+11   0.163   0.234   0.452   0.097   0.091   55.4  0.855
 202.139  67.404 176.387  1.1202e+12 202.170  67.265 176.781  4.3117e+11  -0.417   0.097   0.067   0.082   0.114    0.0  0.855
 208.562 133.069 120.528  1.4890e+12 208.130 132.849 120.623  2.6245e+12  -0.127   0.139  -0.252   0.266   0.310   65.2  0.840
 209.255  40.491  78.313  3.7277e+11 208.956  40.545  78.721  1.1921e+12   0.214   0.207   0.130   0.000   0.000   62.3  0.899
 210.031  73.161 141.803  5.2778e+11 209.932  73.375 141.955  6.1464e+11  -0.408  -0.215   0.037   0.400   0.266   61.2  0.991
 210.164  18.168  76.958  3.1558e+11 210.068  18.600  76.877  2.5668e+12  -0.186  -0.033   0.042   0.273   0.133   50.8  0.869
 216.363  54.767 241.245  1.7989e+12 216.422  55.132 241.420  6.2290e+11   0.087   0.060  -0.154   0.170   0.126   69.5  0.867
 217.067 112.223  43.051  5.4960e+11 217.092 112.061  43.322  9.7182e+11  -0.230   0.035   0.041   0.341   0.326   43.1  0.989
 217.720  26.459 175.322  4.2670e+11 217.558  26.333 175.061  1.1245e+12   0.243  -0.006  -0.148   0.463   0.553    0.0  0.971
 219.459   8.960  41.821  8.3225e+11 219.557   8.660  41.812  7.4011e+11   0.127   0.039   0.088   0.138   0.180   52.1  0.959
 220.251  81.921 154.644  1.0230e+11 220.486  81.842 155.084  1.3698e+12  -0.138  -0.267   0.026   0.374   0.351   43.7  0.973
 223.098  99.585  15.837  3.1951e+11 222.888  99.679  16.103  8.9472e+11  -0.066  -0.094  -0.019   0.227   0.352   61.7  0.962
 223.445 113.258 163.875  7.0664e+11 223.243 113.400 163.686  8.2832e+11  -0.198  -0.519  -0.179   0.633   0.551   69.9  0.955
 223.785 216.438  73.902  2.1088e+12 224.042 216.651  74.297  1.9661e+11  -0.160   0.500  -0.167   0.088   0.155   36.2  0.813
 224.430 151.569  65.056  7.6518e+11 224.523 151.279  65.289  3.6152e+11   0.071   0.069   0.057   0.247   0.128   63.6  0.915
 225.774 101.630  59.916  7.6979e+11 225.520 101.617  60.182  6.0339e+11  -0.184  -0.030  -0.177   0.304   0.379   45.6  0.853
 226.794  65.771  26.891  2.0022e+12 226.808  65.461  27.253  4.2182e+11   0.028   0.202   0.172   0.030   0.022   57.7  0.891
 227.931  78.439 106.906  1.0229e+12 227.410  78.215 108.173  2.8483e+12   0.246  -0.139   0.077   1.399   0.450    0.0  0.892
 228.486 181.141  47.556  1.0493e+12 228.490 180.872  47.722  1.0301e+12   0.028  -0.070  -0.115   0.230   0.166   54.4  0.980
 229.338 130.855 210.690  3.3025e+12 229.684 130.984 210.840  5.1084e+11   0.079   0.175  -0.332   0.056   0.099    0.0  0.878
 229.612 144.197 202.811  1.3113e+12 230.037 144.163 202.812  4.6206e+10   0.005   0.057  -0.230   0.018   0.029    0.0  0.791
 230.984 238.845  46.628  2.3591e+11 231.296 238.886  46.764  1.4321e+12   0.054   0.051  -0.139   0.149   0.078   45.5  0.773
 231.296 238.886  46.764  1.4321e+12 230.984 238.845  46.628  2.3591e+11   0.054   0.051  -0.139   0.058   0.108    0.0  0.856
 231.964  65.137  84.826  4.8591e+11 232.147  64.915  84.548  3.0674e+12   0.190   0.222  -0.052   0.162   0.178   62.4  0.903
 232.528 203.511 146.829  3.1436e+11 232.959 203.230 146.909  3.3568e+12   0.190   0.312   0.071   0.116   0.078   56.9  0.950
 233.635  66.688 210.215  6.4770e+11 233.479  66.277 210.317  5.4336e+11  -0.086  -0.025  -0.233   0.139   0.188   42.9  0.995
 233.982 156.392  92.303  4.5488e+11 234.246 156.151  92.257  9.4336e+11  -0.414  -0.411  -0.230   0.120   0.029    0.0  0.981
 240.232  79.031 143.085  2.8604e+11 240.531  78.919 143.360  1.3207e+12   0.122  -0.030  -0.145   0.142   0.127   40.7  0.931
 240.896  54.290  77.111  5.7886e+11 240.613  53.961  76.931  7.0393e+11   0.130   0.006  -0.216   0.000   0.000   68.8  0.934
 241.740 160.299  31.545  4.6884e+11 241.656 159.967  31.948  8.1979e+11  -0.321  -0.092  -0.142   0.141   0.095   41.7  0.899
 243.790 160.319  53.945  3.9187e+11 244.026 159.992  53.995  6.9092e+11   0.342   0.271   0.157   0.255   0.158   60.8  0.920
 243.902 199.849   4.369  3.7099e+12 243.770 199.598   4.797  6.2832e+11   0.102   0.110   0.096   0.000   0.000   52.2  0.978
 245.007 219.809 181.338  7.4255e+11 244.871 220.094 181.650  5.8266e+11  -0.087  -0.054   0.012   0.153   0.181   48.4  0.853
 245.343 123.028  55.460  1.2866e+12 244.788 123.018  55.711  1.4052e+11  -0.086  -0.427  -0.207   0.042   0.047   67.8  0.881
