# lambda_1A lambda_2A lambda_3A eigen1_xA eigen1_yA eigen1_zA eigen3_xA eigen3_yA eigen3_zA# lambda_1B lambda_2B lambda_3B eigen1_xB eigen1_yB eigen1_zB eigen3_xB eigen3_yB eigen3_zB 
# 122
2.189518 1.204726 0.844949 0.255172 -0.666261 0.700702 -0.682427 0.389285 0.618668 2.611994 1.748702 1.472914 0.198080 -0.667354 0.717916 0.442471 0.714435 0.542035 
2.231144 1.492981 1.165100 -0.795230 0.576989 0.186259 -0.077337 -0.401224 0.912709 1.784140 1.171124 0.688185 -0.907000 0.333830 0.256727 -0.187348 -0.865818 0.463962 
2.700067 2.502308 1.119097 -0.342658 -0.264106 0.901573 0.796230 0.427685 0.427906 2.609860 2.197528 1.094116 -0.453702 -0.018062 0.890970 0.754716 0.523858 0.394938 
3.403936 2.290993 1.139959 0.691751 -0.132325 0.709909 0.147562 0.988227 0.040415 4.038188 2.766630 2.204628 0.654887 -0.360842 0.664016 0.404425 0.909580 0.095422 
2.015367 1.513949 1.267522 0.154767 -0.717378 0.679276 0.920964 0.353625 0.163627 1.725920 1.279915 0.713673 0.132997 -0.656842 0.742206 -0.971917 0.060250 0.227480 
1.634858 1.156229 0.772412 0.748330 -0.477588 0.460340 -0.213905 0.483168 0.848995 1.484411 1.245434 1.157487 0.797321 -0.413444 0.439708 0.212242 0.874063 0.436997 
2.040122 1.552156 0.812604 0.016318 -0.721154 0.692583 0.891579 0.324022 0.316381 2.412334 2.231537 1.057176 -0.067245 -0.684370 0.726027 0.743753 0.450664 0.493693 
2.173109 1.526308 1.118883 -0.796164 0.359201 0.486927 0.587253 0.264802 0.764862 1.982070 1.139416 1.010359 -0.848221 -0.008597 0.529573 0.528490 0.052205 0.847333 
1.612543 0.964452 0.316699 -0.015030 -0.844319 0.535629 0.623635 0.410811 0.665067 1.401679 0.921955 0.551118 -0.155797 -0.915741 0.370332 0.615414 0.203271 0.761542 
1.819263 1.731726 1.394600 0.611288 -0.383976 0.692018 0.444865 0.889906 0.100809 1.430604 1.235517 0.681019 0.016760 0.071566 0.997295 0.913423 -0.406776 0.013840 
1.028574 0.475257 0.252401 0.838155 -0.405961 0.364269 -0.342922 0.127133 0.930721 1.306522 0.719094 0.666541 0.778654 -0.375130 0.502968 0.397634 0.915100 0.066926 
1.595966 1.435491 0.392683 -0.883996 -0.230126 0.406932 0.180646 0.634692 0.751354 1.708363 1.613010 0.685339 -0.160120 -0.829945 0.534371 0.124550 0.520042 0.845011 
1.162909 0.886912 0.444851 -0.036211 0.805035 0.592122 -0.548516 -0.511293 0.661597 1.217765 0.937984 0.531215 -0.208261 0.787930 0.579477 -0.598196 -0.571349 0.561891 
1.072239 0.879965 0.592447 0.471175 0.162869 0.866872 -0.238971 -0.922475 0.303205 1.143924 0.910066 0.828563 0.604816 -0.045377 0.795071 -0.504564 -0.794252 0.338496 
1.079355 0.996577 0.143887 -0.763586 0.574968 0.293850 0.634179 0.753402 0.173791 0.875309 0.565854 -0.008957 -0.323748 -0.037224 0.945411 0.877588 0.361615 0.314761 
2.445450 1.826774 1.682464 -0.365706 0.903519 0.223412 0.449596 -0.038684 0.892394 1.956579 1.678364 0.968132 -0.551980 0.658550 0.511497 0.833834 0.431384 0.344424 
1.545082 1.292037 0.652748 0.535765 -0.766666 0.353805 0.539380 0.633134 0.555168 1.290524 0.970050 0.309563 0.557168 -0.737245 0.382142 0.451355 0.655147 0.605855 
3.489381 2.813548 1.981351 -0.666249 0.255565 0.700570 0.602648 0.737850 0.303960 2.872252 1.999090 1.078403 -0.696525 0.191055 0.691629 -0.207902 -0.976288 0.060316 
1.825350 1.196501 0.981379 0.711036 -0.569767 0.412059 0.181864 0.715091 0.674960 1.355462 0.795929 0.337813 0.856059 -0.339216 0.389995 -0.514766 -0.627662 0.584000 
2.307279 2.209535 1.441737 -0.291256 -0.081645 0.953155 0.637563 0.726258 0.257029 2.307279 2.209535 1.441737 -0.291256 -0.081645 0.953155 0.637563 0.726258 0.257029 
2.070524 1.686308 1.455909 -0.692489 -0.434697 0.575759 0.642470 -0.734623 0.218087 1.655888 1.342193 0.843236 -0.607011 -0.783832 0.130940 -0.697308 0.604377 0.385343 
3.524723 2.506616 1.332594 -0.802567 0.420830 0.422834 0.312092 -0.307873 0.898784 4.151282 2.990230 2.446656 -0.798558 0.455438 0.393551 0.520415 0.193878 0.831613 
1.986936 1.060305 0.959181 0.647287 -0.661041 0.379531 0.558320 0.750146 0.354344 1.951325 1.297434 0.975043 0.271407 -0.714297 0.645072 0.031551 0.676472 0.735792 
1.597197 1.138752 0.305656 -0.481834 0.134735 0.865842 0.487298 0.862426 0.136974 1.956170 1.243914 0.594160 -0.407645 -0.000771 0.913140 0.545329 0.801885 0.244124 
1.852730 1.325816 0.441921 -0.158729 -0.678174 0.717555 0.945529 0.104801 0.308208 1.981818 1.328660 0.678459 -0.189544 -0.676325 0.711799 0.957140 0.034413 0.287574 
1.956170 1.243914 0.594160 -0.407645 -0.000771 0.913140 0.545329 0.801885 0.244124 1.597197 1.138752 0.305656 -0.481834 0.134735 0.865842 0.487298 0.862426 0.136974 
1.464156 1.269920 0.661688 0.664687 -0.747121 0.001379 0.682066 0.607560 0.407010 1.744697 1.427803 0.712092 0.353248 -0.752458 0.555899 0.647874 0.625420 0.434867 
2.565061 1.832223 1.120222 0.371042 -0.870985 0.322044 0.528955 0.483274 0.697605 2.206627 1.521810 0.746061 0.444542 -0.885233 0.136913 0.403640 0.334411 0.851613 
2.656776 1.903643 1.404646 0.029492 -0.612072 0.790252 -0.992868 0.073427 0.093924 2.579797 2.265973 1.608410 -0.111928 -0.422765 0.899301 0.973572 0.134644 0.184469 
2.579797 2.265973 1.608410 -0.111928 -0.422765 0.899301 0.973572 0.134644 0.184469 2.656776 1.903643 1.404646 0.029492 -0.612072 0.790252 -0.992868 0.073427 0.093924 
1.396281 0.775900 0.445195 0.191230 -0.959805 0.205438 0.269913 0.252653 0.929147 1.504522 0.964428 0.598264 0.225603 -0.934484 0.275395 0.532527 0.355002 0.768367 
2.429188 1.874345 0.781666 -0.607263 -0.418436 0.675384 0.583978 0.341306 0.736533 1.969604 1.619239 0.563539 -0.581912 -0.596593 0.552680 0.421420 0.360025 0.832339 
2.428101 2.026947 0.880747 -0.701383 -0.618993 0.353425 -0.226679 0.663799 0.712732 2.878152 2.415233 1.626488 -0.442823 -0.757466 0.479743 -0.046111 0.553595 0.831508 
3.782918 3.257710 2.435738 -0.515459 0.527160 0.675577 0.723823 0.689844 0.013978 3.430319 3.340311 1.725223 -0.471219 0.878320 0.080666 0.863011 0.440250 0.247775 
3.076971 2.580980 1.318614 -0.358775 -0.511133 0.781040 0.709740 0.394086 0.583923 2.897430 2.575732 1.407591 -0.625468 -0.236666 0.743491 0.659242 0.349410 0.665817 
1.829943 1.208198 0.841842 0.236312 -0.270473 0.933274 -0.859937 -0.505399 0.071273 1.254065 0.910601 0.609654 -0.300036 0.921072 0.248203 -0.948819 -0.315043 0.022151 
1.163511 0.854159 0.428915 -0.836133 0.413034 0.360948 0.510641 0.826422 0.237218 1.178717 0.819037 0.474822 -0.843223 0.447788 0.297425 0.524804 0.805563 0.275045 
2.717052 2.458983 2.091075 -0.442654 0.387561 0.808612 0.548881 -0.595981 0.586120 3.311758 2.372670 2.149987 -0.616379 -0.093544 0.781874 0.785371 -0.000927 0.619025 
2.591142 1.640153 1.421319 -0.780559 0.424641 0.458701 0.614670 0.654808 0.439781 2.591142 1.640153 1.421319 -0.780559 0.424641 0.458701 0.614670 0.654808 0.439781 
1.911098 1.124248 0.784389 0.749283 -0.532951 0.393113 -0.353493 0.180103 0.917935 2.245844 1.585583 1.375321 0.653849 -0.551593 0.517906 0.489549 0.830323 0.266282 
2.743568 2.180863 1.580784 -0.694703 -0.015946 0.719120 0.717891 0.047112 0.694560 2.351291 1.956134 1.585046 -0.763781 -0.186407 0.617973 0.578213 0.227945 0.783397 
2.351291 1.956134 1.585046 -0.763781 -0.186407 0.617973 0.578213 0.227945 0.783397 2.743568 2.180863 1.580784 -0.694703 -0.015946 0.719120 0.717891 0.047112 0.694560 
1.615453 1.023779 0.713099 -0.713076 -0.236452 0.660010 0.108841 0.892661 0.437391 1.753222 1.333335 0.903901 -0.701991 -0.214972 0.678967 0.373060 0.701098 0.607690 
1.589866 0.969871 0.764095 -0.324208 0.327102 0.887634 0.899014 -0.185461 0.396709 1.644815 1.115105 0.783020 -0.420155 0.265360 0.867787 0.758211 -0.422760 0.496378 
1.153855 1.004683 0.530314 -0.650879 0.024629 0.758782 0.523001 0.739020 0.424640 1.143561 0.948402 0.605478 -0.614113 -0.028768 0.788694 0.458330 0.800549 0.386077 
2.609097 1.897935 1.493219 -0.955944 0.227428 0.185602 0.193638 0.013346 0.980982 2.934293 2.261047 1.571801 -0.949979 0.192314 0.246078 0.301088 0.354611 0.885210 
1.889640 1.414938 1.199418 -0.063308 -0.504280 0.861216 -0.844114 0.487424 0.223358 1.749983 1.427683 0.724306 -0.223079 -0.634562 0.739978 -0.854760 0.492276 0.164466 
2.129598 1.346814 0.988782 -0.463204 -0.016298 0.886102 0.248413 -0.962139 0.112159 2.487575 2.029929 1.494788 -0.343538 -0.307515 0.887365 0.749673 0.479317 0.456339 
2.095545 1.912137 1.103398 -0.786964 0.579039 0.213078 0.615225 0.710249 0.342118 2.095545 1.912137 1.103398 -0.786964 0.579039 0.213078 0.615225 0.710249 0.342118 
1.899955 1.490168 0.711765 -0.672552 0.016060 0.739876 0.539412 -0.673836 0.504955 2.486310 2.199061 1.498721 -0.733005 0.198787 0.650529 0.672246 0.065665 0.737410 
1.229530 0.741433 0.363595 -0.093403 0.029570 0.995189 0.982720 0.163171 0.087384 1.156923 0.733021 0.319102 -0.066274 0.060005 0.995996 0.997489 -0.020989 0.067638 
2.510822 2.016373 1.663322 -0.328347 -0.357660 0.874224 0.595076 0.640437 0.485516 2.510822 2.016373 1.663322 -0.328347 -0.357660 0.874224 0.595076 0.640437 0.485516 
1.356626 1.302696 0.260505 0.516034 0.496430 0.698044 -0.770127 -0.087866 0.631810 2.315745 2.171543 1.819127 0.511924 -0.798720 0.316196 0.789208 0.582655 0.194070 
1.408935 0.884707 0.722143 -0.283124 -0.787253 0.547789 -0.655418 0.575800 0.488756 1.465968 0.890241 0.841602 -0.194994 -0.788794 0.582907 -0.562021 0.576927 0.592695 
3.088492 2.807789 0.576869 0.249504 -0.955635 0.156556 0.321097 0.234166 0.917640 3.462613 3.378738 0.922033 0.231485 -0.957471 0.172233 0.447625 0.262016 0.854974 
2.554860 2.012780 1.076489 -0.016702 -0.912903 0.407835 0.971815 0.081108 0.221351 2.858781 2.524302 1.549190 0.001677 -0.892149 0.451737 0.810375 0.265890 0.522106 
1.758594 1.375937 1.108778 -0.358923 -0.750989 0.554246 -0.066157 0.612790 0.787472 1.456814 1.317730 0.527965 -0.218110 -0.894808 0.389546 0.275212 0.326561 0.904221 
1.959572 1.310242 0.813354 0.831353 -0.415184 0.369423 0.416512 0.905567 0.080419 2.215350 1.679325 1.361240 0.727390 -0.610165 0.314011 0.599625 0.787665 0.141540 
1.472451 0.801235 0.642913 0.120524 -0.732898 0.669578 0.023543 0.676415 0.736144 1.709966 0.904204 0.661506 0.164152 -0.813053 0.558569 0.201066 0.581941 0.787983 
1.783744 1.578071 0.375059 0.065866 0.675462 0.734447 -0.157886 -0.719718 0.676076 2.186821 1.887569 1.200815 -0.307193 0.566077 0.764977 -0.091082 -0.817644 0.568474 
2.948989 2.429355 1.941041 0.455851 -0.681767 0.572183 -0.341572 0.459638 0.819794 2.272042 2.166262 1.275154 0.790540 0.483822 0.375450 -0.452790 0.048976 0.890271 
1.759328 1.583215 0.847665 0.050292 -0.606165 0.793748 0.838488 0.457402 0.296180 1.759328 1.583215 0.847665 0.050292 -0.606165 0.793748 0.838488 0.457402 0.296180 
1.163334 0.511903 0.261535 -0.611729 0.316480 0.725002 -0.171625 -0.947753 0.268905 1.163334 0.511903 0.261535 -0.611729 0.316480 0.725002 -0.171625 -0.947753 0.268905 
1.163334 0.511903 0.261535 -0.611729 0.316480 0.725002 -0.171625 -0.947753 0.268905 1.163334 0.511903 0.261535 -0.611729 0.316480 0.725002 -0.171625 -0.947753 0.268905 
1.632304 1.071257 0.868519 0.264952 -0.821908 0.504249 0.412123 0.569292 0.711380 1.632304 1.071257 0.868519 0.264952 -0.821908 0.504249 0.412123 0.569292 0.711380 
2.868577 2.279997 1.414285 -0.811000 0.549299 0.201369 0.402372 0.273830 0.873564 2.309965 1.542115 0.822031 -0.811544 0.572867 0.114975 0.159242 0.027524 0.986856 
2.245746 1.835122 1.147420 -0.811095 0.462548 0.358014 -0.154920 -0.760104 0.631064 2.594128 1.974353 1.740535 -0.755450 0.234394 0.611846 0.244816 -0.765205 0.595421 
2.666153 2.029487 1.066720 -0.889305 0.215974 0.403103 0.436530 0.663616 0.607499 3.070615 2.591923 1.558357 -0.842237 0.501347 0.198210 0.489605 0.557429 0.670492 
2.247843 1.961053 0.788224 -0.961746 0.273045 0.022134 0.163286 0.506513 0.846630 2.747223 2.719054 1.415888 -0.727452 -0.326646 0.603420 0.252999 0.689767 0.678390 
1.980557 1.825130 0.872154 -0.441574 0.892237 0.094478 -0.890938 -0.448486 0.071344 2.824543 2.395359 1.800115 0.731089 -0.681568 0.031204 -0.682115 -0.731156 0.011371 
2.778844 2.215899 1.841883 -0.944941 0.130599 0.300051 0.266136 0.840236 0.472414 2.695602 2.135018 1.584935 -0.983626 0.179831 0.011905 0.119825 0.603206 0.788533 
2.657075 1.932297 1.677367 -0.768110 0.161509 0.619614 0.635363 0.072095 0.768841 1.869972 1.552319 0.826322 -0.448863 0.004742 0.893588 0.825133 -0.381682 0.416503 
2.548391 2.166877 1.185581 -0.755987 0.142333 0.638924 0.471745 0.795150 0.381042 1.582967 0.955269 0.332776 -0.677796 0.090333 0.729680 0.678080 0.460481 0.572858 
2.086981 2.024734 0.977596 -0.106076 -0.602710 0.790878 0.588837 0.602837 0.538385 1.801468 1.736234 0.499177 0.447141 -0.888357 0.104335 0.757356 0.438078 0.484251 
1.801468 1.736234 0.499177 0.447141 -0.888357 0.104335 0.757356 0.438078 0.484251 2.086981 2.024734 0.977596 -0.106076 -0.602710 0.790878 0.588837 0.602837 0.538385 
1.032198 0.988107 0.549744 0.482619 0.875818 0.004527 -0.813707 0.446469 0.372218 1.370947 1.169702 1.113325 -0.996133 0.082747 0.029531 0.032692 0.037100 0.998777 
2.521748 2.283852 1.732216 -0.764193 -0.216257 0.607653 0.196305 0.819437 0.538504 2.521748 2.283852 1.732216 -0.764193 -0.216257 0.607653 0.196305 0.819437 0.538504 
0.999828 0.721967 0.652532 -0.776347 0.422686 0.467570 0.525084 0.023354 0.850730 0.831086 0.604820 0.368088 -0.898806 0.370753 0.233859 0.223990 -0.070134 0.972065 
1.801039 1.223580 0.809161 -0.512746 0.682819 0.520433 0.843148 0.514760 0.155318 1.618611 1.241509 0.827043 -0.374381 0.689585 0.619929 0.921940 0.348424 0.169195 
1.944197 1.694617 1.178744 0.158310 -0.384645 0.909388 0.400663 0.866794 0.296880 1.979761 1.527576 1.135719 -0.158291 -0.354626 0.921512 0.159475 0.911843 0.378299 
0.621779 0.552134 0.262409 -0.741111 0.429129 0.516336 0.605936 0.758718 0.239142 0.548063 0.451565 0.171255 -0.403292 0.094802 0.910147 0.686047 0.689519 0.232170 
2.090248 1.667668 1.232978 -0.460794 0.880195 0.113693 0.768789 0.331862 0.546654 2.090248 1.667668 1.232978 -0.460794 0.880195 0.113693 0.768789 0.331862 0.546654 
0.551993 0.433813 0.380167 -0.635382 -0.437434 0.636350 0.723387 -0.625518 0.292298 0.521496 0.399083 0.358357 -0.534525 -0.322789 0.781082 0.576842 0.536112 0.616309 
1.912853 1.371891 0.997126 -0.720324 -0.116663 0.683756 0.662114 0.178151 0.727920 1.507252 1.011119 0.729523 -0.807229 0.083652 0.584281 0.489990 -0.456930 0.742378 
2.859476 2.334111 1.841721 0.280537 -0.459957 0.842460 -0.048255 0.869837 0.490973 3.248086 2.772677 2.024194 0.059862 -0.696375 0.715178 -0.911571 0.253815 0.323443 
1.638470 1.246794 0.373291 -0.266254 -0.651065 0.710790 0.001063 0.737210 0.675663 1.940501 1.530562 0.866228 -0.188485 -0.751271 0.632507 0.267552 0.580407 0.769119 
1.062674 0.647158 0.526101 -0.973706 -0.046376 0.223037 0.208142 -0.579047 0.788278 1.216227 0.863874 0.786833 -0.884617 0.087114 0.458110 0.231718 -0.770409 0.593951 
1.465755 1.010288 0.456448 -0.213082 -0.288769 0.933385 0.951018 -0.280292 0.130391 1.575255 1.046305 0.660740 -0.254196 -0.259866 0.931587 0.957029 -0.206592 0.203509 
1.575255 1.046305 0.660740 -0.254196 -0.259866 0.931587 0.957029 -0.206592 0.203509 1.465755 1.010288 0.456448 -0.213082 -0.288769 0.933385 0.951018 -0.280292 0.130391 
1.706396 1.150444 0.778232 -0.234853 0.934854 0.266256 0.874713 0.083792 0.477344 1.706396 1.150444 0.778232 -0.234853 0.934854 0.266256 0.874713 0.083792 0.477344 
0.591559 0.398557 0.251787 0.232071 -0.831882 0.504099 0.645390 0.519427 0.560060 0.434058 0.239648 0.026936 0.039931 -0.645514 0.762704 -0.179411 0.746275 0.641003 
2.655363 2.128734 1.183972 -0.353860 0.035748 0.934615 0.871150 0.376292 0.315439 3.460101 2.700012 1.910885 -0.649685 0.173315 0.740184 0.658873 0.614059 0.434532 
2.554186 1.971686 1.614788 -0.771496 0.253081 0.583733 -0.311006 -0.950407 0.001010 2.554186 1.971686 1.614788 -0.771496 0.253081 0.583733 -0.311006 -0.950407 0.001010 
3.608285 3.098802 1.640619 -0.742139 0.217371 0.634019 0.335730 0.939282 0.070954 3.893961 3.444901 2.138021 -0.703765 0.208438 0.679168 0.442257 0.876703 0.189212 
2.688827 2.140324 1.539403 0.566348 -0.820928 0.072980 -0.823553 -0.560289 0.088522 3.017578 2.199183 1.519027 0.406831 -0.890365 0.204302 0.885163 0.439499 0.152731 
2.165660 1.891930 1.119117 0.220574 -0.942548 0.250898 0.442082 0.325905 0.835673 2.094632 1.894492 1.021307 0.401923 -0.911573 0.086564 0.453841 0.280423 0.845808 
1.422625 0.989355 0.608078 -0.894219 0.134222 0.427032 0.271680 -0.595448 0.756063 1.829313 1.479229 1.024358 -0.776461 -0.026507 0.629608 0.593924 0.303159 0.745217 
1.173059 0.632653 0.524998 -0.729543 0.100902 0.676451 0.305930 0.932737 0.190812 1.090954 0.626014 0.241920 -0.691656 0.031067 0.721559 0.345105 0.891853 0.292404 
1.406540 1.095698 0.616051 -0.034875 -0.980754 0.192106 0.627246 0.128168 0.768203 1.393811 0.803784 0.495900 -0.217852 0.972749 0.079378 0.470805 0.033499 0.881601 
1.180704 0.883623 0.618211 0.126001 -0.491065 0.861962 -0.698469 0.573099 0.428600 1.461555 1.164564 0.824966 0.035720 -0.666448 0.744696 0.994503 0.097095 0.039191 
1.312040 1.163715 0.581899 0.503158 0.564748 0.654134 -0.781711 0.620151 0.065881 1.294124 0.992530 0.647595 0.648146 0.700959 0.297595 -0.743781 0.666558 0.049897 
2.057526 1.253262 0.857121 -0.552612 -0.528618 0.644346 0.165961 0.687841 0.706634 2.338494 1.580711 0.881957 -0.764199 -0.290148 0.576033 0.245504 0.695018 0.675780 
1.360916 0.814430 0.654916 0.581701 -0.769306 0.264183 0.771268 0.624843 0.121310 1.194983 0.617248 0.451610 0.479760 -0.799650 0.361095 -0.568072 0.030552 0.822411 
2.058239 1.667617 0.500309 0.189786 -0.902767 0.385996 0.843334 0.351205 0.406747 2.136353 1.703268 0.793633 0.152526 -0.874308 0.460782 0.827668 0.367796 0.423901 
1.161181 1.076029 0.743044 -0.907042 -0.319149 0.274624 -0.248034 0.932089 0.263989 1.246593 1.086140 0.770470 -0.690616 -0.499419 0.523098 -0.257180 0.845599 0.467782 
1.486568 1.120177 0.413461 -0.921623 -0.361055 0.142300 -0.229759 0.803135 0.549714 1.700547 1.374813 0.193868 -0.797790 -0.491316 0.349486 -0.226952 0.781714 0.580876 
3.109761 2.498787 1.703489 -0.736776 -0.125200 0.664445 -0.065626 0.991309 0.114020 3.043616 2.427509 1.578886 -0.777147 -0.039646 0.628069 0.131180 0.965885 0.223287 
2.800435 1.829095 1.027994 -0.741070 -0.243872 0.625573 0.389435 0.602855 0.696352 2.800435 1.829095 1.027994 -0.741070 -0.243872 0.625573 0.389435 0.602855 0.696352 
2.078831 1.866836 0.999709 -0.561773 0.763481 0.318601 0.713662 0.252443 0.653421 2.078831 1.866836 0.999709 -0.561773 0.763481 0.318601 0.713662 0.252443 0.653421 
1.815523 1.351877 1.266647 0.605379 -0.643860 0.467932 -0.794789 -0.520566 0.311963 1.874983 1.291090 1.118309 0.651261 -0.660240 0.374089 -0.757008 -0.599612 0.259623 
1.321208 1.218165 0.267798 0.159392 -0.753214 0.638171 0.581207 0.594128 0.556067 1.334890 1.268939 0.397212 -0.682404 0.730153 0.034665 0.629280 0.562675 0.536100 
2.243998 1.486414 0.727449 -0.758403 -0.028335 0.651170 0.418701 0.744474 0.520046 2.189368 1.588308 0.659646 -0.748447 -0.058653 0.660596 0.346493 0.814739 0.464911 
1.578187 0.977221 0.629501 0.008413 -0.605049 0.796144 0.179775 0.784115 0.594007 1.290233 0.901537 0.388961 0.077139 -0.428353 0.900313 0.222346 0.887653 0.403279 
1.448510 0.939197 0.842918 0.625560 -0.552775 0.550559 0.629595 0.774431 0.062184 1.200367 0.752148 0.447858 0.551276 -0.498742 0.668843 -0.704677 0.150860 0.693305 
2.291523 2.116282 1.773745 -0.478801 0.839092 0.258215 0.086294 -0.247714 0.964982 2.291523 2.116282 1.773745 -0.478801 0.839092 0.258215 0.086294 -0.247714 0.964982 
2.118969 1.801690 1.260153 0.212349 -0.832454 0.511789 0.628609 0.517353 0.580686 2.118969 1.801690 1.260153 0.212349 -0.832454 0.511789 0.628609 0.517353 0.580686 
3.982075 2.844490 2.328817 -0.119110 -0.540998 0.832547 -0.082263 0.841010 0.534728 3.673857 3.043740 2.434321 -0.310594 -0.476289 0.822606 -0.318228 0.867570 0.382169 
3.441842 2.563441 2.298472 -0.526130 -0.512998 0.678248 0.651648 0.269234 0.709132 3.142871 2.700518 2.374052 -0.186938 -0.662691 0.725186 0.295270 0.666162 0.684868 
1.396038 1.203322 0.524780 -0.124775 0.990162 0.063324 0.954371 0.102322 0.280547 1.801059 1.642853 1.086841 -0.649601 0.560023 0.514192 0.708638 0.201001 0.676336 
1.544947 0.849961 0.465712 0.799436 -0.312904 0.512829 0.354957 0.934728 0.016994 1.608269 0.949310 0.793903 0.621178 -0.504757 0.599464 0.500735 0.844073 0.191848 
1.643414 1.213548 0.996031 -0.450044 -0.776879 0.440363 -0.089359 0.529827 0.843385 1.356177 1.090034 0.580009 -0.584689 -0.782144 0.215380 -0.077546 0.318157 0.944861 
1.873509 1.351603 0.696974 0.092858 -0.271292 0.958007 -0.975509 0.167899 0.142101 1.258266 0.998515 0.224181 0.367746 0.275585 0.888153 -0.918170 -0.043785 0.393761 
