# lambda_1A lambda_2A lambda_3A eigen1_xA eigen1_yA eigen1_zA# lambda_1B lambda_2B lambda_3B eigen1_xB eigen1_yB eigen1_zB
# 47
2.189518 1.204726 0.844949 0.255172 -0.666261 0.700702 2.611994 1.748702 1.472914 0.198080 -0.667354 0.717916 
2.231144 1.492981 1.165100 -0.795230 0.576989 0.186259 1.784140 1.171124 0.688185 -0.907000 0.333830 0.256727 
3.403936 2.290993 1.139959 0.691751 -0.132325 0.709909 4.038188 2.766630 2.204628 0.654887 -0.360842 0.664016 
2.015367 1.513949 1.267522 0.154767 -0.717378 0.679276 1.725920 1.279915 0.713673 0.132997 -0.656842 0.742206 
1.634858 1.156229 0.772412 0.748330 -0.477588 0.460340 1.484411 1.245434 1.157487 0.797321 -0.413444 0.439708 
2.040122 1.552156 0.812604 0.016318 -0.721154 0.692583 2.412334 2.231537 1.057176 -0.067245 -0.684370 0.726027 
1.819263 1.731726 1.394600 0.611288 -0.383976 0.692018 1.430604 1.235517 0.681019 0.016760 0.071566 0.997295 
1.162909 0.886912 0.444851 -0.036211 0.805035 0.592122 1.217765 0.937984 0.531215 -0.208261 0.787930 0.579477 
1.072239 0.879965 0.592447 0.471175 0.162869 0.866872 1.143924 0.910066 0.828563 0.604816 -0.045377 0.795071 
1.986936 1.060305 0.959181 0.647287 -0.661041 0.379531 1.951325 1.297434 0.975043 0.271407 -0.714297 0.645072 
1.597197 1.138752 0.305656 -0.481834 0.134735 0.865842 1.956170 1.243914 0.594160 -0.407645 -0.000771 0.913140 
1.956170 1.243914 0.594160 -0.407645 -0.000771 0.913140 1.597197 1.138752 0.305656 -0.481834 0.134735 0.865842 
1.464156 1.269920 0.661688 0.664687 -0.747121 0.001379 1.744697 1.427803 0.712092 0.353248 -0.752458 0.555899 
2.565061 1.832223 1.120222 0.371042 -0.870985 0.322044 2.206627 1.521810 0.746061 0.444542 -0.885233 0.136913 
2.656776 1.903643 1.404646 0.029492 -0.612072 0.790252 2.579797 2.265973 1.608410 -0.111928 -0.422765 0.899301 
2.579797 2.265973 1.608410 -0.111928 -0.422765 0.899301 2.656776 1.903643 1.404646 0.029492 -0.612072 0.790252 
2.428101 2.026947 0.880747 -0.701383 -0.618993 0.353425 2.878152 2.415233 1.626488 -0.442823 -0.757466 0.479743 
3.782918 3.257710 2.435738 -0.515459 0.527160 0.675577 3.430319 3.340311 1.725223 -0.471219 0.878320 0.080666 
3.076971 2.580980 1.318614 -0.358775 -0.511133 0.781040 2.897430 2.575732 1.407591 -0.625468 -0.236666 0.743491 
2.351291 1.956134 1.585046 -0.763781 -0.186407 0.617973 2.743568 2.180863 1.580784 -0.694703 -0.015946 0.719120 
1.615453 1.023779 0.713099 -0.713076 -0.236452 0.660010 1.753222 1.333335 0.903901 -0.701991 -0.214972 0.678967 
1.153855 1.004683 0.530314 -0.650879 0.024629 0.758782 1.143561 0.948402 0.605478 -0.614113 -0.028768 0.788694 
2.609097 1.897935 1.493219 -0.955944 0.227428 0.185602 2.934293 2.261047 1.571801 -0.949979 0.192314 0.246078 
2.095545 1.912137 1.103398 -0.786964 0.579039 0.213078 2.095545 1.912137 1.103398 -0.786964 0.579039 0.213078 
3.088492 2.807789 0.576869 0.249504 -0.955635 0.156556 3.462613 3.378738 0.922033 0.231485 -0.957471 0.172233 
1.758594 1.375937 1.108778 -0.358923 -0.750989 0.554246 1.456814 1.317730 0.527965 -0.218110 -0.894808 0.389546 
2.948989 2.429355 1.941041 0.455851 -0.681767 0.572183 2.272042 2.166262 1.275154 0.790540 0.483822 0.375450 
1.163334 0.511903 0.261535 -0.611729 0.316480 0.725002 1.163334 0.511903 0.261535 -0.611729 0.316480 0.725002 
2.245746 1.835122 1.147420 -0.811095 0.462548 0.358014 2.594128 1.974353 1.740535 -0.755450 0.234394 0.611846 
2.778844 2.215899 1.841883 -0.944941 0.130599 0.300051 2.695602 2.135018 1.584935 -0.983626 0.179831 0.011905 
2.657075 1.932297 1.677367 -0.768110 0.161509 0.619614 1.869972 1.552319 0.826322 -0.448863 0.004742 0.893588 
2.086981 2.024734 0.977596 -0.106076 -0.602710 0.790878 1.801468 1.736234 0.499177 0.447141 -0.888357 0.104335 
1.801468 1.736234 0.499177 0.447141 -0.888357 0.104335 2.086981 2.024734 0.977596 -0.106076 -0.602710 0.790878 
1.032198 0.988107 0.549744 0.482619 0.875818 0.004527 1.370947 1.169702 1.113325 -0.996133 0.082747 0.029531 
1.944197 1.694617 1.178744 0.158310 -0.384645 0.909388 1.979761 1.527576 1.135719 -0.158291 -0.354626 0.921512 
2.090248 1.667668 1.232978 -0.460794 0.880195 0.113693 2.090248 1.667668 1.232978 -0.460794 0.880195 0.113693 
1.912853 1.371891 0.997126 -0.720324 -0.116663 0.683756 1.507252 1.011119 0.729523 -0.807229 0.083652 0.584281 
1.062674 0.647158 0.526101 -0.973706 -0.046376 0.223037 1.216227 0.863874 0.786833 -0.884617 0.087114 0.458110 
3.608285 3.098802 1.640619 -0.742139 0.217371 0.634019 3.893961 3.444901 2.138021 -0.703765 0.208438 0.679168 
2.165660 1.891930 1.119117 0.220574 -0.942548 0.250898 2.094632 1.894492 1.021307 0.401923 -0.911573 0.086564 
1.422625 0.989355 0.608078 -0.894219 0.134222 0.427032 1.829313 1.479229 1.024358 -0.776461 -0.026507 0.629608 
1.406540 1.095698 0.616051 -0.034875 -0.980754 0.192106 1.393811 0.803784 0.495900 -0.217852 0.972749 0.079378 
1.180704 0.883623 0.618211 0.126001 -0.491065 0.861962 1.461555 1.164564 0.824966 0.035720 -0.666448 0.744696 
1.321208 1.218165 0.267798 0.159392 -0.753214 0.638171 1.334890 1.268939 0.397212 -0.682404 0.730153 0.034665 
1.578187 0.977221 0.629501 0.008413 -0.605049 0.796144 1.290233 0.901537 0.388961 0.077139 -0.428353 0.900313 
2.118969 1.801690 1.260153 0.212349 -0.832454 0.511789 2.118969 1.801690 1.260153 0.212349 -0.832454 0.511789 
1.396038 1.203322 0.524780 -0.124775 0.990162 0.063324 1.801059 1.642853 1.086841 -0.649601 0.560023 0.514192 
