# lambda_1A lambda_2A lambda_3A eigen1_xA eigen1_yA eigen1_zA eigen3_xA eigen3_yA eigen3_zA# lambda_1B lambda_2B lambda_3B eigen1_xB eigen1_yB eigen1_zB eigen3_xB eigen3_yB eigen3_zB 
# 46
0.936941 0.165363 0.018518 0.212123 -0.615350 0.759176 -0.681633 0.463512 0.566157 0.937600 0.153498 -0.066795 0.210180 -0.560184 0.801260 -0.838751 0.317769 0.442175 
1.009439 0.281144 -0.109417 -0.937621 0.325594 0.121882 -0.048084 -0.468660 0.882069 1.009439 0.281144 -0.109417 -0.937621 0.325594 0.121882 -0.048084 -0.468660 0.882069 
2.217131 0.306290 -0.355117 0.664031 -0.173488 0.727299 0.001863 0.973090 0.230418 2.217131 0.306290 -0.355117 0.664031 -0.173488 0.727299 0.001863 0.973090 0.230418 
0.522041 0.290106 -0.007255 0.091470 -0.797841 0.595888 -0.862824 0.235252 0.447428 0.522041 0.290106 -0.007255 0.091470 -0.797841 0.595888 -0.862824 0.235252 0.447428 
0.691618 0.311634 0.229902 0.839148 -0.397528 0.371218 -0.449294 -0.891286 0.061185 0.691618 0.311634 0.229902 0.839148 -0.397528 0.371218 -0.449294 -0.891286 0.061185 
0.612501 0.306661 -0.042876 -0.068410 -0.709876 0.700996 0.770009 0.409202 0.489530 0.737239 0.519049 -0.015214 -0.080928 -0.709304 0.700241 0.720490 0.443824 0.532836 
0.589959 0.321000 0.187143 0.290666 0.114719 0.949922 -0.369783 -0.902181 0.222103 0.520953 0.280085 0.026375 0.230186 0.075130 0.970242 -0.951469 0.226645 0.208182 
0.681450 0.054805 -0.177509 0.364287 0.586470 0.723428 -0.534962 -0.504077 0.678028 0.703395 0.059328 -0.127210 0.192584 0.606131 0.771697 -0.503674 -0.613861 0.607855 
0.528559 0.098924 -0.106326 0.659166 0.242935 0.711676 -0.618628 -0.362890 0.696857 0.528559 0.098924 -0.106326 0.659166 0.242935 0.711676 -0.618628 -0.362890 0.696857 
0.764118 0.594094 0.011847 0.478997 -0.324622 0.815587 -0.874490 -0.095656 0.475517 0.634013 0.430946 0.130988 0.355337 -0.652813 0.669007 -0.857656 0.056906 0.511065 
0.840947 0.257246 -0.038250 -0.375246 -0.046214 0.925772 0.496304 0.833511 0.242777 0.840947 0.257246 -0.038250 -0.375246 -0.046214 0.925772 0.496304 0.833511 0.242777 
0.840947 0.257246 -0.038250 -0.375246 -0.046214 0.925772 0.496304 0.833511 0.242777 0.840947 0.257246 -0.038250 -0.375246 -0.046214 0.925772 0.496304 0.833511 0.242777 
0.656566 0.322244 -0.172693 0.132132 -0.467435 0.874097 0.763584 0.610284 0.210931 0.799876 0.340936 -0.176720 0.073484 -0.522216 0.849642 0.750298 0.590197 0.297861 
0.912526 0.311013 0.118569 0.319413 -0.909895 0.264701 0.017566 0.284971 0.958375 0.912526 0.311013 0.118569 0.319413 -0.909895 0.264701 0.017566 0.284971 0.958375 
0.780936 0.419667 0.019528 -0.004488 -0.688333 0.725381 -0.988610 0.112176 0.100331 0.790766 0.490605 0.045842 0.043884 -0.550348 0.833781 -0.997522 0.021797 0.066889 
0.790766 0.490605 0.045842 0.043884 -0.550348 0.833781 -0.997522 0.021797 0.066889 0.780936 0.419667 0.019528 -0.004488 -0.688333 0.725381 -0.988610 0.112176 0.100331 
1.016081 0.475640 0.006335 -0.697036 -0.675531 0.240415 -0.462775 0.679936 0.568794 1.039902 0.497559 0.156216 -0.652067 -0.749714 0.112859 -0.486888 0.528196 0.695664 
1.187326 0.861742 0.602362 -0.384842 0.608355 0.694119 0.887562 0.450259 0.097467 1.187326 0.861742 0.602362 -0.384842 0.608355 0.694119 0.887562 0.450259 0.097467 
0.962128 0.550680 0.035690 -0.381686 -0.418949 0.823891 0.761891 0.362051 0.537067 0.810997 0.459795 0.032419 -0.555167 -0.251810 0.792705 0.749236 0.262436 0.608089 
0.800124 0.371315 0.260294 -0.795237 -0.048797 0.604332 0.485268 -0.648779 0.586175 0.708376 0.436078 0.289204 -0.746968 0.022541 0.664478 0.552367 -0.535209 0.639095 
0.564162 0.139200 -0.033013 -0.792195 -0.309605 0.525901 0.089988 0.793071 0.602445 0.564162 0.139200 -0.033013 -0.792195 -0.309605 0.525901 0.089988 0.793071 0.602445 
0.184458 0.163844 -0.000693 -0.663542 0.424238 0.616226 0.665483 0.711035 0.227072 0.184458 0.163844 -0.000693 -0.663542 0.424238 0.616226 0.665483 0.711035 0.227072 
0.872184 0.714263 0.369074 0.903958 -0.091230 0.417776 0.053401 0.993413 0.101386 0.872184 0.714263 0.369074 0.903958 -0.091230 0.417776 0.053401 0.993413 0.101386 
0.539680 0.340625 0.078625 -0.702184 0.680934 0.208007 0.707133 0.701050 0.092155 0.539680 0.340625 0.078625 -0.702184 0.680934 0.208007 0.707133 0.701050 0.092155 
1.394216 1.068623 -0.044829 -0.125423 -0.956950 0.261757 0.385625 0.196070 0.901582 1.394216 1.068623 -0.044829 -0.125423 -0.956950 0.261757 0.385625 0.196070 0.901582 
0.528634 0.296795 0.231679 -0.375197 -0.893904 0.245282 -0.362113 0.384934 0.848941 0.543226 0.300087 0.223735 -0.123770 -0.979224 0.160630 0.709847 0.025742 0.703885 
0.904862 0.598171 0.376683 0.627232 -0.283468 0.725414 -0.547891 0.501373 0.669657 0.904862 0.598171 0.376683 0.627232 -0.283468 0.725414 -0.547891 0.501373 0.669657 
0.633460 0.005895 -0.380018 -0.597266 0.391553 0.699971 -0.014938 -0.878014 0.478402 0.633460 0.005895 -0.380018 -0.597266 0.391553 0.699971 -0.014938 -0.878014 0.478402 
0.763673 0.508213 0.142421 -0.909034 0.269590 0.317770 0.044244 -0.695801 0.716870 0.832556 0.572571 0.138552 -0.869404 0.317349 0.378716 0.013320 -0.751142 0.660006 
0.729974 0.628112 0.360086 -0.991668 0.054034 0.116936 0.081555 0.966026 0.245239 0.789220 0.514681 0.469545 -0.988800 0.031642 0.145854 0.070159 0.961103 0.267129 
0.702083 0.446507 0.093205 -0.553654 0.410189 0.724715 0.600225 -0.406676 0.688727 0.717080 0.376022 0.074550 -0.539854 0.336271 0.771673 0.477152 -0.632979 0.609642 
0.605580 0.475931 0.069807 -0.474390 -0.246708 0.845038 0.725627 0.433906 0.534033 0.588205 0.517294 0.093683 -0.429678 -0.233802 0.872189 0.727485 0.482563 0.487748 
0.588205 0.517294 0.093683 -0.429678 -0.233802 0.872189 0.727485 0.482563 0.487748 0.605580 0.475931 0.069807 -0.474390 -0.246708 0.845038 0.725627 0.433906 0.534033 
0.348944 0.119604 -0.008230 0.495859 0.789174 0.362393 -0.588879 -0.001132 0.808221 0.414279 0.206093 0.041566 0.704373 0.606944 0.368072 -0.242347 -0.281751 0.928378 
0.767348 0.457487 0.067244 0.225188 -0.522562 0.822326 0.630824 0.721417 0.285691 0.767348 0.457487 0.067244 0.225188 -0.522562 0.822326 0.630824 0.721417 0.285691 
0.709642 0.360602 0.015004 -0.360581 0.917317 0.168848 0.776340 0.194827 0.599449 0.709642 0.360602 0.015004 -0.360581 0.917317 0.168848 0.776340 0.194827 0.599449 
0.623257 0.206094 -0.088533 -0.784422 -0.202118 0.586371 0.571848 0.130378 0.809933 0.560288 0.080999 -0.101307 -0.832094 -0.057864 0.551607 0.519323 -0.430476 0.738237 
0.494019 0.221097 -0.045677 -0.928125 -0.192437 0.318672 0.351662 -0.734073 0.580922 0.494019 0.221097 -0.045677 -0.928125 -0.192437 0.318672 0.351662 -0.734073 0.580922 
1.176085 0.852323 0.195371 -0.295545 0.166173 0.940765 -0.319669 -0.945191 0.066530 1.176085 0.852323 0.195371 -0.295545 0.166173 0.940765 -0.319669 -0.945191 0.066530 
0.539665 0.297721 0.056461 -0.358114 -0.807112 0.469387 0.566009 0.212155 0.796633 0.476737 0.321946 0.069846 -0.381479 -0.802729 0.458366 0.587164 0.172554 0.790863 
0.510317 0.333267 0.000056 -0.619552 -0.620278 0.481052 0.618590 -0.008548 0.785667 0.596853 0.359593 0.072879 -0.452298 -0.736478 0.503018 0.714488 0.038351 0.698596 
0.593792 0.346591 -0.095536 -0.168636 0.973298 0.155735 0.765802 0.029899 0.642381 0.578598 0.292561 -0.088220 0.076435 -0.996947 0.015934 0.808901 0.071345 0.583600 
0.329879 0.182183 -0.135527 0.189770 -0.223597 0.956029 -0.939051 0.242954 0.243222 0.368123 0.255831 -0.108506 0.066881 -0.610218 0.789405 -0.976438 0.122663 0.177546 
0.457294 0.428178 -0.414555 0.010454 -0.751618 0.659516 0.640509 0.511517 0.572798 0.469244 0.443742 -0.387513 0.507854 -0.823866 0.251653 0.654023 0.558881 0.509809 
0.764828 0.211578 -0.385185 0.026812 -0.579887 0.814255 -0.264054 0.781509 0.565261 0.754394 0.198426 -0.445009 0.042556 -0.498870 0.865631 0.034155 0.866636 0.497770 
0.690494 0.281797 0.077449 0.282014 -0.874690 0.394190 0.357270 0.477061 0.802977 0.690494 0.281797 0.077449 0.282014 -0.874690 0.394190 0.357270 0.477061 0.802977 
